0, 145 48 1;
1, 145 49 1;
2, 145 50 1;
3, 145 51 1;
4, 145 52 1;
5, 145 53 1;
6, 145 54 1;
7, 145 55 1;
8, 145 40 1;
9, 145 41 1;
10, 145 42 1;
11, 145 43 1;
12, 145 44 1;
13, 145 45 1;
14, 145 46 1;
15, 145 47 1;
16, 145 32 1;
17, 145 33 1;
18, 145 34 1;
19, 145 35 1;
20, 145 36 1;
21, 145 37 1;
22, 145 38 1;
23, 145 39 1;
24, 145 24 1;
25, 145 25 1;
26, 145 26 1;
27, 145 27 1;
28, 145 28 1;
29, 145 29 1;
30, 145 30 1;
31, 145 31 1;
32, 145 16 1;
33, 145 17 1;
34, 145 18 1;
35, 145 19 1;
36, 145 20 1;
37, 145 21 1;
38, 145 22 1;
39, 145 23 1;
40, 145 8 1;
41, 145 9 1;
42, 145 10 1;
43, 145 11 1;
44, 145 12 1;
45, 145 13 1;
46, 145 14 1;
47, 145 15 1;
48, 147 48 1;
49, 147 49 1;
50, 147 50 1;
51, 147 51 1;
52, 147 52 1;
53, 147 53 1;
54, 147 54 1;
55, 147 55 1;
56, 147 40 1;
57, 147 41 1;
58, 147 42 1;
59, 147 43 1;
60, 147 44 1;
61, 147 45 1;
62, 147 46 1;
63, 147 47 1;
64, 147 32 1;
65, 147 33 1;
66, 147 34 1;
67, 147 35 1;
68, 147 36 1;
69, 147 37 1;
70, 147 38 1;
71, 147 39 1;
72, 147 24 1;
73, 147 25 1;
74, 147 26 1;
75, 147 27 1;
76, 147 28 1;
77, 147 29 1;
78, 147 30 1;
79, 147 31 1;
80, 147 16 1;
81, 147 17 1;
82, 147 18 1;
83, 147 19 1;
84, 147 20 1;
85, 147 21 1;
86, 147 22 1;
87, 147 23 1;
88, 147 8 1;
89, 147 9 1;
90, 147 10 1;
91, 147 11 1;
92, 147 12 1;
93, 147 13 1;
94, 147 14 1;
95, 147 15 1;
